10
1
5 5
0 0 0 0 0
0 0 0 0 1
0 0 1 0 1
1 1 1 0 1
1 1 1 0 1

2
3 2
1 1 1
1 1 1

3
7 4
0 0 1 1 1 0 0
0 0 1 1 1 0 0
1 1 1 1 1 1 1
1 1 1 1 1 1 1

4
10 5
0 0 0 0 0 0 0 0 1 1
0 0 0 0 1 1 0 0 1 1
1 1 0 0 1 1 0 0 1 1
1 1 0 0 1 1 0 0 1 1
1 1 0 0 1 1 0 0 1 1

5
10 5
0 0 0 0 0 0 0 0 1 1
0 0 0 0 1 1 0 0 1 1
0 0 0 0 1 1 0 0 1 1
1 1 0 0 0 0 0 0 0 0 
1 1 0 0 0 0 0 0 0 0

6
10 5
0 0 0 0 0 0 0 0 0 0 
0 0 0 0 0 0 0 0 0 0
0 0 0 0 0 0 0 0 0 0
0 0 0 0 0 0 0 0 0 0
0 0 0 0 0 0 0 0 0 0

7
10 5
0 0 0 0 0 0 0 0 0 0
0 0 0 0 0 0 0 0 0 0 
1 1 1 1 1 1 1 1 1 1
1 1 1 1 1 1 1 1 1 1
0 0 0 0 0 0 0 0 0 0

8
10 5
0 0 0 0 0 0 0 0 0 0
1 1 1 0 0 0 0 1 1 1
1 1 1 0 0 0 0 1 1 1
1 1 1 1 1 1 1 1 1 1
1 1 1 1 1 1 1 1 1 1

9
10 5
1 1 1 1 1 1 1 1 1 1
0 0 0 0 0 0 0 0 0 0
0 0 0 0 0 0 0 0 0 0
0 0 0 0 0 0 0 0 0 0
1 1 1 1 1 1 1 1 1 1

10
10 5
1 1 1 1 1 1 1 0 0 0
1 1 1 1 0 0 0 0 0 0
0 0 0 0 0 0 0 0 0 0
0 0 0 0 0 0 0 1 1 1
1 1 1 1 1 1 1 1 1 1